hola <- 1
hola2 <- 2
hola2