hola <- 1
hola2 <- 2
hola3 <- 3
hola2